00025000: 01240106 003000f0 00000000 00000000
00025010: 00000000 00000000 00000000 00000000
00025020: 00000050 00000000 00000000 00000000
00025030: 00000000 00000000 00000000 00000000
00025040: 00000000 00000000 00000000 00000000
00025050: 00000080 000000c0 00000040 00000080
00025060: 00000000 00000000 00000000 00000000
00025070: 00000000 00000000 00000000 00000000
00025080: 00000000 00000000 00000000 00000080
00025090: 00000000 00000000 00000040 00000080
000250a0: 00000000 00000000 00000000 00000000
000250b0: 00000000 00000000 00000000 00000000
000250c0: 00000000 00000000 00000000 00000000
000250d0: 00000000 00000000 00000000 00000000
000250e0: 00000000 00000000 00000000 00000000
000250f0: 00000000 00000000 00000000 00000000
00025100: 00000000 00000000 81000000 00000000
00025110: 00000000 00008000 00000000 00000000
00025120: 00000000 00000000 00000000 00000000
00025130: 00000000 00000000 00000000 00000000
00025140: 00000000 00000000 00000000 00000000
00025150: 00000000 00000000 00000000 00000000
00025160: 00000000 00000000 00000000 00000000
00025170: 00000000 00000000 00000000 00000000
00025180: 00000000 00000000 00000000 00000000
00025190: 00000000 00000000 00000000 00000000
000251a0: 00000000 00000000 00000000 00000000
000251b0: 00000000 00000000 00000000 00000000
000251c0: 00000000 00000000 00000000 00000000
000251d0: 00000000 00000000 00000000 00000000
000251e0: 00000000 00000000 00000000 00000000
000251f0: 00000000 00000000 00000000 00000000
00025200: 00000000 00000000 00000000 00000000
00025210: 00000000 00000000 00000000 00000000
00025220: 00000000 00000000 00000000 00000000
00025230: 00000000 00000000 00000000 00000000
00025240: 00000000 00000000 00000000 00000000
00025250: 00000000 00000000 00000000 00000000
00025260: 00000000 00000000 00000000 00000000
00025270: 00000000 00000000 00000000 00000000
00025280: 00000000 00000000 00000000 00000000
00025290: 00000000 00000000 00000000 00000000
000252a0: 00000000 00000000 00000000 00000000
000252b0: 00000000 00000000 00000000 00000000
000252c0: 00000000 00000000 00000000 00000000
000252d0: 00000000 00000000 00000000 00000000
000252e0: 00000000 00000000 00000000 00000000
000252f0: 00000000 00000000 00000000 00000000
00025300: 00000000 00000000 00000000 00000000
00025310: 00000000 00800080 00000000 00000000
00025320: 00000000 00000000 00000000 00000000
00025330: 00000000 00000000 8000b243 bb6f91ae
00025340: 00000000 00000000 00000000 00000000
00025350: 00000000 00000000 00000000 00000000
00025360: 00000000 00000000 00000000 00000000
00025370: 00000000 00000000 00000000 00000000
00025380: 00000000 00000000 00000000 00000000
00025390: 00000000 00000000 00000000 00000000
000253a0: 00000000 00000000 00000000 00000000
000253b0: 00000000 00000000 00000000 00000000
000253c0: 00000000 00000000 00000000 00000000
000253d0: 00000000 00000000 00000000 00000000
000253e0: 00000000 00000000 00000000 00000000
000253f0: 00000000 00000000 00000000 00000000
00025400: 00000000 00000000 00000000 00000000
00025410: 00000000 00000000 00000000 00000000
00025420: 00000000 00000000 00000000 00000000
00025430: 00000000 00000000 00000000 00000000
00025440: 00000000 00000000 00000000 00000000
00025450: 00000000 00000000 00000000 00000000
00025460: 00000000 00000000 00000000 00000000
00025470: 00000000 00000000 00000000 00000000
00025480: 00000000 00000000 00000000 00000000
00025490: 00000000 00000000 00000000 00000000
000254a0: 00000000 00000000 00000000 00000000
000254b0: 00000000 00000000 00000000 00000000
000254c0: 00000000 00000000 00000000 00000000
000254d0: 00000000 00000000 00000000 00000000
000254e0: 00000000 00000000 00000000 00000000
000254f0: 00000000 00000000 00000000 00000000
00025500: 00000000 00007000 40605060 00a1f037
00025510: 00000600 00000000 00000000 00000000
00025520: 00000007 00000000 00000000 00000000
00025530: 00000000 00000000 01000000 00000000
00025540: 00000000 00000000 00000000 00000000
00025550: 00000000 00000000 00000000 00000000
00025560: 00000000 00000000 00000000 00000000
00025570: 00000000 00000000 00000000 00000000
00025580: 00000000 00000000 00000000 00000000
00# 384 words: 0 are 0xFFFFFFFF, 363 are 0
025590: 00000000 00000000 00000000 00000000
000255a0: 00000000 00000000 00000000 00000000
000255b0: 00000000 00000000 00000000 00000000
000255c0: 00000000 00000000 00000000 00000000
000255d0: 00000000 00000000 00000000 00000000
000255e0: 00000000 00000000 00000000 00000000
000255f0: 00000000 00000000 00000000 00000000
