# 128 words: 1 are 0xFFFFFFFF, 122 are 0
00000900: 44060000 00606c00 00000000 00000000
00000910: 00000000 00000000 00000000 00000000
00000920: 00000000 ffffffff 00000000 00000000
00000930: 00000000 00000000 00000000 00000000
00000940: 00000000 00000000 00000000 00000000
00000950: 00000000 00000000 00000000 00000000
00000960: 00000000 00000000 00000000 00000000
00000970: 00000000 00000000 00000000 00000000
00000980: 00000000 00000000 00000000 00000000
00000990: 00000000 00000000 00000000 00000000
000009a0: 00000000 00000000 00000000 00000000
000009b0: 00000000 00000000 00000000 00000000
000009c0: 00000000 00000000 00000000 00000000
000009d0: 00000000 00000000 00000000 00000000
000009e0: 00000000 00000000 00000000 00000000
000009f0: 00000000 00000000 00000000 00000000
00000a00: 44060000 0000e080 55500010 00000000
00000a10: 00000000 00000000 00000000 00000000
00000a20: 00000000 00000000 00000000 00000000
00000a30: 00000000 00000000 00000000 00000000
00000a40: 00000000 00000000 00000000 00000000
00000a50: 00000000 00000000 00000000 00000000
00000a60: 00000000 00000000 00000000 00000000
00000a70: 00000000 00000000 00000000 00000000
00000a80: 00000000 00000000 00000000 00000000
00000a90: 00000000 00000000 00000000 00000000
00000aa0: 00000000 00000000 00000000 00000000
00000ab0: 00000000 00000000 00000000 00000000
00000ac0: 00000000 00000000 00000000 00000000
00000ad0: 00000000 00000000 00000000 00000000
00000ae0: 00000000 00000000 00000000 00000000
00000af0: 00000000 00000000 00000000 00000000
