# 64 words: 0 are 0xFFFFFFFF, 58 are 0
00005000: f0001001 ff800012 e1ed0001 ffff8e00
00005010: 00000000 00000000 00000000 00000000
00005020: 00000000 00000000 00000000 00000000
00005030: 00000000 00000000 00000000 00000000
00005040: 00000000 00000000 00000000 00000000
00005050: 00000000 00000000 00000000 00000000
00005060: 00000000 00000000 00000000 00000000
00005070: 00000000 00000000 00000000 00000000
00005080: 00000000 00000000 00000000 00000000
00005090: 00000000 00000000 00000000 00000000
000050a0: 00000000 00000000 00000000 00000000
000050b0: 00000000 00000000 00000000 00000000
000050c0: 00000000 00000000 00000000 00000000
000050d0: 00040000 80000008 00000000 00000000
000050e0: 00000000 00000000 00000000 00000000
000050f0: 00000000 00000000 00000000 00000000
