# 128 words: 0 are 0xFFFFFFFF, 111 are 0
00000000: e0000000 00000000 00000000 00000000
00000010: 00000000 00000000 00000000 00000000
00000020: f0000000 80000016 e1ed0000 8000000e
00000030: 00000000 00000000 00000000 00000000
00000040: 00000000 00000000 00000000 00000000
00000050: 00000000 00000000 00000000 00000000
00000060: 00000000 00000016 00000000 00000000
00000070: 00000000 00000000 00000000 00000000
00000080: a0000000 8000001c 00000000 00000000
00000090: 00000000 00000000 00000000 00000000
000000a0: 00000000 8000001a 00000000 00000000
000000b0: 00000000 00000000 00000000 00000000
000000c0: 00000000 00000000 00000000 00000000
000000d0: 00000000 00000000 00000000 00000000
000000e0: 00000000 00000000 00000000 00000000
000000f0: 00000000 00000000 00000000 00000000
00000100: 00000000 00001100 81010110 81010110
00000110: 00400000 01000040 fc37f013 00000000
00000120: 00000000 00000000 00000000 00000000
00000130: 00000000 00000000 00000000 00000000
00000140: e0000000 00000000 00000000 00000000
00000150: 00000000 00000000 00000000 00000000
00000160: 00000001 00000000 00000000 00000000
00000170: 00000000 00000000 00000000 00000000
00000180: 00000000 00000000 00000000 00000000
00000190: 00000000 00000000 00000000 00000000
000001a0: 00000000 00000000 00000000 00000000
000001b0: 00000000 00000000 00000000 00000000
000001c0: 00000000 00000000 00000000 00000000
000001d0: 00000000 00000000 00000000 00000000
000001e0: 00000000 00000000 00000000 00000000
000001f0: 00000000 00000000 00000000 00000000
