00024000: 01240106 003000f0 00000000 00000000
00024010: 00000000 00000000 00000000 00000000
00024020: 00000050 00000000 00000000 00000000
00024030: 00000000 00000000 00000000 00000000
00024040: 00000000 00000000 00000000 00000000
00024050: 00000080 000000c0 00000040 00000080
00024060: 00000000 00000000 00000000 00000000
00024070: 00000000 00000000 00000000 00000000
00024080: 00000000 00000000 00000000 00000080
00024090: 00000000 00000000 00000040 00000080
000240a0: 00000000 00000000 00000000 00000000
000240b0: 00000000 00000000 00000000 00000000
000240c0: 00000000 00000000 00000000 00000000
000240d0: 00000000 00000000 00000000 00000000
000240e0: 00000000 00000000 00000000 00000000
000240f0: 00000000 00000000 00000000 00000000
00024100: 00000000 00000000 81000000 00000000
00024110: 00000000 00008000 00000000 00000000
00024120: 00000000 00000000 00000000 00000000
00024130: 00000000 00000000 00000000 00000000
00024140: 00000000 00000000 00000000 00000000
00024150: 00000000 00000000 00000000 00000000
00024160: 00000000 00000000 00000000 00000000
00024170: 00000000 00000000 00000000 00000000
00024180: 00000000 00000000 00000000 00000000
00024190: 00000000 00000000 00000000 00000000
000241a0: 00000000 00000000 00000000 00000000
000241b0: 00000000 00000000 00000000 00000000
000241c0: 00000000 00000000 00000000 00000000
000241d0: 00000000 00000000 00000000 00000000
000241e0: 00000000 00000000 00000000 00000000
000241f0: 00000000 00000000 00000000 00000000
00024200: 00000000 00000000 00000000 00000000
00024210: 00000000 00000000 00000000 00000000
00024220: 00000000 00000000 00000000 00000000
00024230: 00000000 00000000 00000000 00000000
00024240: 00000000 00000000 00000000 00000000
00024250: 00000000 00000000 00000000 00000000
00024260: 00000000 00000000 00000000 00000000
00024270: 00000000 00000000 00000000 00000000
00024280: 00000000 00000000 00000000 00000000
00024290: 00000000 00000000 00000000 00000000
000242a0: 00000000 00000000 00000000 00000000
000242b0: 00000000 00000000 00000000 00000000
000242c0: 00000000 00000000 00000000 00000000
000242d0: 00000000 00000000 00000000 00000000
000242e0: 00000000 00000000 00000000 00000000
000242f0: 00000000 00000000 00000000 00000000
00024300: 00000000 00000000 00000000 00000000
00024310: 00000000 00800080 00000000 00000000
00024320: 00000000 00000000 00000000 00000000
00024330: 00000000 00000000 0000db87 c16068f0
00024340: 00000000 00000000 00000000 00000000
00024350: 00000000 00000000 00000000 00000000
00024360: 00000000 00000000 00000000 00000000
00024370: 00000000 00000000 00000000 00000000
00024380: 00000000 00000000 00000000 00000000
00024390: 00000000 00000000 00000000 00000000
000243a0: 00000000 00000000 00000000 00000000
000243b0: 00000000 00000000 00000000 00000000
000243c0: 00000000 00000000 00000000 00000000
000243d0: 00000000 00000000 00000000 00000000
000243e0: 00000000 00000000 00000000 00000000
000243f0: 00000000 00000000 00000000 00000000
00024400: 00000000 00000000 00000000 00000000
00024410: 00000000 00000000 00000000 00000000
00024420: 00000000 00000000 00000000 00000000
00024430: 00000000 00000000 00000000 00000000
00024440: 00000000 00000000 00000000 00000000
00024450: 00000000 00000000 00000000 00000000
00024460: 00000000 00000000 00000000 00000000
00024470: 00000000 00000000 00000000 00000000
00024480: 00000000 00000000 00000000 00000000
00024490: 00000000 00000000 00000000 00000000
000244a0: 00000000 00000000 00000000 00000000
000244b0: 00000000 00000000 00000000 00000000
000244c0: 00000000 00000000 00000000 00000000
000244d0: 00000000 00000000 00000000 00000000
000244e0: 00000000 00000000 00000000 00000000
000244f0: 00000000 00000000 00000000 00000000
00024500: 00000000 00007000 40605060 00a1f037
00024510: 00000600 00000000 00000000 00000000
00024520: 00000007 00000000 00000000 00000000
00024530: 00000000 00000000 01000000 00000000
00024540: 00000000 00000000 00000000 00000000
00024550: 00000000 00000000 00000000 00000000
00024560: 00000000 00000000 00000000 00000000
00024570: 00000000 00000000 00000000 00000000
00024580: 00000000 00000000 00000000 00000000
00# 384 words: 0 are 0xFFFFFFFF, 363 are 0
024590: 00000000 00000000 00000000 00000000
000245a0: 00000000 00000000 00000000 00000000
000245b0: 00000000 00000000 00000000 00000000
000245c0: 00000000 00000000 00000000 00000000
000245d0: 00000000 00000000 00000000 00000000
000245e0: 00000000 00000000 00000000 00000000
000245f0: 00000000 00000000 00000000 00000000
