# 128 words: 0 are 0xFFFFFFFF, 118 are 0
00002000: 00000007 00000000 00000000 00000000
00002010: 00000000 00000000 00000000 00000000
00002020: 00000000 00000000 00000000 00000000
00002030: 00000000 00000000 00000000 00000000
00002040: 00000000 00000000 00000000 00000000
00002050: 00000000 00000000 00000000 00000000
00002060: 00000000 00000000 00000000 00000000
00002070: 00000000 00000000 00000000 00000000
00002080: 80010102 00000000 00000000 00000000
00002090: 00000000 00000000 00000000 00000000
000020a0: 00000000 00000000 00000000 00000000
000020b0: 00000000 00000000 00000000 00000000
000020c0: 00000000 00000000 00000000 00000000
000020d0: 00000000 00000000 00000000 00000000
000020e0: 00000000 00000000 00000000 00000000
000020f0: 00000000 00000000 00000000 00000000
00002100: 00000000 00220802 26256222 121048c5
00002110: c3080008 00401000 04480232 00000000
00002120: 00000000 04100100 00000000 00000000
00002130: 02000000 00000000 00000000 00000000
00002140: 00000000 00000000 00000000 00000000
00002150: 00000000 00000000 00000000 00000000
00002160: 00000000 00000000 00000000 00000000
00002170: 00000000 00000000 00000000 00000000
00002180: 00000000 00000000 00000000 00000000
00002190: 00000000 00000000 00000000 00000000
000021a0: 00000000 00000000 00000000 00000000
000021b0: 00000000 00000000 00000000 00000000
000021c0: 00000000 00000000 00000000 00000000
000021d0: 00000000 00000000 00000000 00000000
000021e0: 00000000 00000000 00000000 00000000
000021f0: 00000000 00000000 00000000 00000000
