00009000: 571906c0 06011000 1000200b 01000000
00009010: 0000a0fb 0000befb 0c0000f8 00000000
00009020: 04c0bffb 00000000 00000000 561a0112
00009030: 00000000 44000000 00000000 05010000
00009040: 00000000 014c227e 00000000 10700100
00009050: 00009005 10280a00 11d40300 00001100
00009060: 00000000 00000000 00000000 00000000
00009070: 05008800 00000000 00000000 00000000
00009080: 00000000 00000000 00000000 00000000
00009090: 00000000 00000000 00000000 00000000
000090a0: 00000000 00000000 00000000 00000000
000090b0: 00000000 00000000 00000000 00000000
000090c0: 00000000 00000000 00000000 00000000
000090d0: 00000000 00000000 00000000 00000000
000090e0: 00000000 00000000 00000000 00000000
000090f0: 00000000 00000000 00000000 00000000
00009100: 01008113 00001000 00000000 10200600
00009110: 00000000 00000000 b4000000 01000004
00009120: 03000000 00000105 c0c47a62 00000000
00009130: 00000000 00000000 0200813f 00000000
00009140: 00000000 00000000 00000000 ff000080
00009150: 00000000 00000000 00000000 00000000
00009160: 00000000 00000000 00000000 00000000
00009170: 00000000 00000000 00000000 00000000
00009180: 00000000 00000000 00000000 00000000
00009190: 00000000 00000000 00000000 00000000
000091a0: 00000000 00000000 00000000 00000000
000091b0: 00000000 00000000 00000000 00000000
000091c0: 00000000 00000000 00000000 00000000
000091d0: 00000000 00000000 00000000 00000000
000091e0: 00000000 00000000 00000000 00000000
000091f0: 00000000 00000000 00000000 00000000
00009200: 00000000 00000000 00000000 00000000
00009210: 00000000 00000000 00000000 00000000
00009220: 00000000 00000000 00000000 00000000
00009230: 00000000 00000000 00000000 00000000
00009240: 00000000 00000000 00000000 00000000
00009250: 00000000 00000000 00000000 00000000
00009260: 00000000 00000000 00000000 00000000
00009270: 00000000 00000000 00000000 00000000
00009280: 00000000 00000000 00000000 00000000
00009290: 00000000 00000000 00000000 00000000
000092a0: 00000000 00000000 00000000 00000000
000092b0: 00000000 00000000 00000000 00000000
000092c0: 00000000 00000000 00000000 00000000
000092d0: 00000000 00000000 00000000 00000000
000092e0: 00000000 00000000 00000000 00000000
000092f0: 00000000 00000000 00000000 00000000
00009300: 00000000 00000000 00000000 00000000
00009310: 00000000 00000000 00000000 00000000
00009320: 00000000 00000000 00000000 00000000
00009330: 00000000 00000000 00000000 00000000
00009340: 00000000 00000000 00000000 00000000
00009350: 00000000 00000000 00000000 00000000
00009360: 00000000 00000000 00000000 00000000
00009370: 00000000 00000000 00000000 00000000
00009380: 00000000 00000000 00000000 00000000
00009390: 00000000 00000000 00000000 00000000
000093a0: 00000000 00000000 00000000 00000000
000093b0: 00000000 00000000 00000000 00000000
000093c0: 00000000 00000000 00000000 00000000
000093d0: 00000000 00000000 00000000 00000000
000093e0: 00000000 00000000 00000000 00000000
000093f0: 00000000 00000000 0b000100 0000c1bf
00009400: 00000000 16000000 e2040000 00000000
00009410: 00000000 00000000 00000000 40400000
00009420: 00000000 00000000 00000000 00000000
00009430: 00000000 00000000 90205b00 d8d66d00
00009440: 10000000 00000000 00000000 00000000
00009450: e4630a00 c04bfd00 00000000 00000000
00009460: 00000000 00000000 00000000 00000000
00009470: 571906c0 1000200b 561a0112 00000000
00009480: 413d0000 00000000 f1030000 00000000
00009490: 00000000 00000000 00000000 00000000
000094a0: 00000000 00000000 00000000 00c00100
000094b0: 01000000 00000000 b0810080 36100000
000094c0: ff000000 00000000 02000000 04201001
000094d0: 00000000 0f000000 0000f0ff ffffffff
000094e0: 04000000 01010000 00000000 00000000
000094f0: 00000001 0000000f fba094f8 81d4de92
00009500: 00000000 04000000 00000000 00000000
00009510: 00000000 00000000 90000000 00000000
00009520: 00000000 00000000 00000000 00000000
00009530: 00000000 00000000 00000000 00000000
00009540: 00000000 00010202 00000000 05000000
00009550: 00000000 00000000 00000000 00000000
00009560: 00000000 00000000 00000000 00000000
00009570: 00000000 00000000 00000000 00000000
00009580: 00000000 00000000 00000000 00000000
00009590: 00000000 00000000 00000000 00000000
000095a0: 00000000 00000000 00000000 00000000
000095b0: 00000000 00000000 00000000 00000000
000095c0: 00000000 00000000 00000000 00000000
000095d0: 00000000 00000000 00000000 00000000
000095e0: 00000000 00000000 00000000 00000000
000095f0: 00000000 00000000 00000000 00000000
00009600: 00000000 00000000 00000000 00000000
00009610: 00000000 00000000 00000000 00000000
00009620: 00000000 00000000 00000000 00000000
00009630: 00000000 00000000 00000000 00000000
00009640: 00000000 00000000 00000000 00000000
00009650: 00000000 00000000 00000000 00000000
00009660: 00000000 00000000 00000000 00000000
00009670: 00000000 00000000 00000000 00000000
00009680: 00000000 00000000 00000000 00000000
00009690: 00000000 00000000 00000000 00000000
000096a0: 00000000 00000000 00000000 00000000
000096b0: 00000000 00000000 00000000 00000000
000096c0: 00000000 00000000 00000000 00000000
000096d0: 00000000 00000000 00000000 00000000
000096e0: 00000000 00000000 00000000 00000000
000096f0: 00000000 00000000 00000000 00000000
00009700: 00000000 00000000 00000000 00000000
00009710: 00000000 00000000 00000000 00000000
00009720: 00000000 00000000 00000000 00000000
00009730: 00000000 00000000 00000000 00000000
00009740: 00000000 00000000 00000000 00000000
00009750: 00000000 00000000 00000000 00000000
00009760: 00000000 00000000 00000000 00000000
00009770: 00000000 00000000 00000000 00000000
00009780: 00000000 00000000 00000000 00000000
00009790: 00000000 00000000 00000000 00000000
000097a0: 00000000 00000000 00000000 00000000
000097b0: 00000000 00000000 00000000 00000000
000097c0: 00000000 00000000 00000000 00000000
000097d0: 00000000 00000000 00000000 00000000
000097e0: 00000000 00000000 00000000 00000000
000097f0: 00000000 00000000 00000000 00000000
00009800: 10101001 9f240b00 0f000000 00000000
00009810: 00000000 00000000 00000000 00010000
00009820: 00000000 00000000 00000000 00000000
00009830: 00000000 00000000 00000000 00000000
00009840: 0f000000 00000000 00000000 00000000
00009850: 00000000 00000000 00000000 00000000
00009860: 00000000 00000000 00000000 00000000
00009870: 00000000 00000000 00000000 00000000
00009880: 00000000 00000000 00000000 00000000
00009890: 00000000 00000000 00000000 00000000
000098a0: 00000000 00000000 00000000 00000000
000098b0: 00000000 00000000 00000000 00000000
000098c0: 00000000 00000000 00000000 00000000
000098d0: 00000000 00000000 00000000 00000000
000098e0: 01000000 00000000 00000000 00000000
000098f0: 00000000 00000000 00000000 00000000
00009900: 00000000 00000000 00000000 00000000
00009910: 00000000 00000000 00000000 00000000
00009920: 00000000 00000000 00000000 00000000
00009930: 00000000 00000000 00000000 00000000
00009940: 00000000 00000000 00000000 00000000
00009950: 00000000 00000000 00000000 00000000
00009960: 00000000 00000000 00000000 00000000
00009970: 00000000 00000000 00000000 00000000
00009980: 00000000 00000000 00000000 00000000
00009990: 00000000 00000000 00000000 00000000
000099a0: 00000000 00000000 00000000 00000000
000099b0: 00000000 00000000 00000000 00000000
000099c0: 00000000 00000000 00000000 00000000
000099d0: 00000000 00000000 00000000 00000000
000099e0: 00000000 00000000 00000000 00000000
000099f0: 00000000 00000000 00000000 00000000
00009a00: 00000000 00000000 00000000 00000000
00009a10: 00000000 00000000 00000000 00000000
00009a20: 00000000 00000000 00000000 00000000
00009a30: 00000000 00000000 00000000 00000000
00009a40: 00000000 00000000 00000000 00000000
00009a50: 00000000 00000000 00000000 00000000
00009a60: 00000000 00000000 00000000 00000000
00009a70: 00000000 00000000 00000000 00000000
00009a80: 00000000 00000000 00000000 00000000
00009a90: 00000000 00000000 00000000 00000000
00009aa0: 00000000 00000000 00000000 00000000
00009ab0: 00000000 00000000 00000000 00000000
00009ac0: 00000000 00000000 00000000 00000000
00009ad0: 00000000 00000000 00000000 00000000
00009ae0: 00000000 00000000 00000000 00000000
00009af0: 00000000 00000000 00000000 00000000
00009b00: 00000000 00000000 00000000 00000000
00009b10: 00000000 00000000 00000000 00000000
0000# 1024 words: 1 are 0xFFFFFFFF, 947 are 0
9b20: 00000000 00000000 00000000 00000000
00009b30: 00000000 00000000 00000000 00000000
00009b40: 00000000 00000000 00000000 00000000
00009b50: 00000000 00000000 00000000 00000000
00009b60: 00000000 00000000 00000000 00000000
00009b70: 00000000 00000000 00000000 00000000
00009b80: 00000000 00000000 00000000 00000000
00009b90: 00000000 00000000 00000000 00000000
00009ba0: 00000000 04000000 00000000 00000000
00009bb0: 00000000 00000000 00000000 00000000
00009bc0: 00000000 00000000 00000000 00000000
00009bd0: 00000000 00000000 00000000 00000000
00009be0: 00000000 00000000 00000000 00000000
00009bf0: 00000100 00000000 00000000 00020000
00009c00: 00000000 00000000 00000000 00000000
00009c10: 00000000 00000000 00000000 00000000
00009c20: 00000000 00000000 00000000 00000000
00009c30: 00000000 00000000 00000000 00000000
00009c40: 00000000 00000000 00000000 00000000
00009c50: 00000000 00000000 00000000 00000000
00009c60: 00000000 00000000 00000000 00000000
00009c70: 00000000 00000000 00000000 00000000
00009c80: 00000000 00000000 00000000 00000000
00009c90: 00000000 00000000 00000000 00000000
00009ca0: 05000010 000000a0 00000000 00000000
00009cb0: 00000000 00000000 00000000 00000000
00009cc0: 00000000 00000000 00000000 00000000
00009cd0: 00000000 00000000 00000000 00000000
00009ce0: 00000000 00000000 00000000 00000000
00009cf0: 00000000 00000000 00000000 00000000
00009d00: 00000000 00000000 00000000 00000000
00009d10: 00000000 00000000 00000000 00000000
00009d20: 00000000 00000000 00000000 00000000
00009d30: 00000000 00000000 00000000 00000000
00009d40: 00000000 00000000 00000000 00000000
00009d50: 00000000 00000000 00000000 00000000
00009d60: 00000000 00000000 00000000 00000000
00009d70: 00000000 00000000 00000000 00000000
00009d80: 00000000 00000000 00000000 00000000
00009d90: 00000000 00000000 00000000 00000000
00009da0: 00000000 00000000 00000000 00000000
00009db0: 00000000 00000000 00000000 00000000
00009dc0: 00000000 00000000 00000000 00000000
00009dd0: 00000000 00000000 00000000 00000000
00009de0: 010000e0 000000d0 010000f0 00000000
00009df0: 00000000 00000000 00000000 00000000
00009e00: 00000000 00000000 00000000 00000000
00009e10: 00000000 00000000 00000000 00000000
00009e20: 00000000 00000000 00000000 00000000
00009e30: 00000000 00000000 00000000 00000000
00009e40: 00000000 00000000 00000000 00000000
00009e50: 00000000 00000000 00000000 00000000
00009e60: 00000000 00000000 00000000 00000000
00009e70: 00000000 00000000 00000000 00000000
00009e80: 00000000 00000000 00000000 00000000
00009e90: 00000000 00000000 00000000 00000000
00009ea0: 00000000 00000000 00000000 00000000
00009eb0: 00000000 00000000 00000000 00000000
00009ec0: 00000000 00000000 00000000 00000000
00009ed0: 00000000 00000000 00000000 00000000
00009ee0: 00000000 00000000 00000000 00000000
00009ef0: 00000000 00000000 00000000 00000000
00009f00: 00000000 00000000 00000000 00000000
00009f10: 00000000 00000000 00000000 00000000
00009f20: 00000000 00000000 00000000 00000000
00009f30: 00000000 00000000 00000000 00000000
00009f40: 00000000 00000000 00000000 00000000
00009f50: 00000000 00000000 00000000 00000000
00009f60: 00000000 00000000 00000000 00000000
00009f70: 00000000 00000000 00000000 00000000
00009f80: 00000000 00000000 00000000 00000000
00009f90: 00000000 00000000 00000000 00000000
00009fa0: 00000000 00000000 00000000 00000000
00009fb0: 00000000 00000000 00000000 00000000
00009fc0: 00000000 00000000 00000000 00000000
00009fd0: 00000000 00000000 00000000 00000000
00009fe0: 00000000 00000000 00000000 00000000
00009ff0: 00000000 00000000 00000000 00000000
