# 64 words: 0 are 0xFFFFFFFF, 57 are 0
00000700: 00000000 00000000 00000000 00000000
00000710: 05309770 05309770 05309770 05309770
00000720: 00000000 00000000 00000000 00000000
00000730: 05309770 05309770 00000000 00000000
00000740: 00000000 fffe0000 00000000 00000000
00000750: 00000000 00000000 00000000 00000000
00000760: 00000000 00000000 00000000 00000000
00000770: 00000000 00000000 00000000 00000000
00000780: 00000000 00000000 00000000 00000000
00000790: 00000000 00000000 00000000 00000000
000007a0: 00000000 00000000 00000000 00000000
000007b0: 00000000 00000000 00000000 00000000
000007c0: 00000000 00000000 00000000 00000000
000007d0: 00000000 00000000 00000000 00000000
000007e0: 00000000 00000000 00000000 00000000
000007f0: 00000000 00000000 00000000 00000000
